- city: Toronto, ON
  lat: 43.653225
  lng: -79.383186
  reason: University of Toronto
  year: 2016

- city: Shanghai, China
  lat: 31.230391
  lng: 121.473701
  reason: Hometown
  year: 2006

- city: Wuhan, China
  lat: 30.59
  lng: 114.305539
  reason: Birth City
  year: 2001

